16 
0.57567006   0.52888066   0.5307866   0.8514127   0.9059793   0.3419128   0.4043721   0.79595387   0.80322367   0.51907   0.22399819   0.7278108   0.35324842   0.941714   0.9362509   0.54121345   
0.5898758   0.0012964606   0.5995239   0.8892203   0.7456382   0.5001732   0.9128411   0.4047439   0.81377554   0.7221009   0.9857849   0.47273058   0.12294912   0.42229915   0.2127999   0.48389566   
0.041879237   0.75597143   0.115650356   0.4287634   0.2832178   0.21304625   0.36530226   0.9092099   0.34272712   0.7925181   0.112611055   0.02923286   0.372702   0.40969265   0.7976793   0.8188754   
0.6821175   0.7520253   0.90049577   0.5023382   0.21789777   0.9928793   0.59847367   0.9661822   0.90280867   0.33683455   0.045916736   0.65461665   0.8797217   0.8451893   0.35050702   0.020305097   
0.28644687   0.3066734   0.23501211   0.8106093   0.6101866   0.647434   0.60906315   0.3561017   0.34924167   0.9779618   0.68468744   0.6514684   0.24834406   0.45535195   0.027048528   0.14521146   
0.83247733   0.69028986   0.79344034   0.56606305   0.1049639   0.0832172   0.9619997   0.8585935   0.8147714   0.7576763   0.2479847   0.94161487   0.5543633   0.33588994   0.6390649   0.86974335   
0.49506122   0.7278794   0.6192753   0.41562355   0.8769964   0.07713401   0.5895942   0.7081787   0.4736187   0.6099483   0.20516473   0.4868167   0.37785888   0.09956348   0.13673192   0.65438753   
0.29296547   0.09836429   0.5068085   0.04008758   0.44345772   0.7703697   0.15741158   0.7902825   0.5913802   0.7215383   0.26206654   0.27885836   0.99404174   0.46702003   0.21441114   0.3233074   
0.46875882   0.27309227   0.40153164   0.27803445   0.737984   0.8884074   0.42263633   0.9876932   0.56791115   0.84626824   0.64145017   0.8716921   0.7416519   0.42946965   0.09055424   0.592962   
0.9339463   0.28497207   0.68268013   0.8718673   0.09079665   0.941087   0.26071113   0.33763003   0.93021905   0.8893728   0.14596707   0.67829096   0.8384389   0.36210394   0.7625219   0.33516103   
0.3613813   0.7696428   0.44120014   0.18364215   0.009422958   0.9066118   0.2860312   0.9095742   0.48240143   0.32833803   0.741943   0.5048674   0.16325587   0.71716696   0.2870987   0.6097115   
0.7569862   0.97008246   0.1164183   0.4783404   0.90454614   0.15340918   0.24247473   0.5640209   0.06965816   0.28663242   0.65225554   0.04511404   0.77429813   0.17558247   0.88748455   0.7518139   
0.5928143   0.646064   0.10469693   0.62224174   0.15551633   0.6037516   0.5895514   0.002307713   0.6634099   0.32673794   0.19658703   0.307123   0.18301886   0.38604492   0.937545   0.0493623   
0.8334826   0.079862416   0.2033552   0.29405367   0.16005284   0.39304405   0.9599492   0.76767635   0.7245532   0.27888626   0.86733407   0.19563901   0.65325195   0.6704801   0.12410098   0.795306   
0.43800735   0.6196217   0.0031372309   0.05645275   0.26267034   0.52868426   0.41426206   0.10772294   0.05188507   0.6719069   0.3794552   0.7223036   0.04507321   0.32478142   0.33803892   0.75022846   
0.16907448   0.45178574   0.5925094   0.88569564   0.70635873   0.30240184   0.6686787   0.8583942   0.5727261   0.58259314   0.6825377   0.56654656   0.97293234   0.39372855   0.095023334   0.3002991   

0.7917744   0.5440012   0.18706733   0.0069545507   0.002049148   0.45998287   0.7214138   0.7596851   0.78277516   0.9699931   0.17336488   0.95977986   0.2975856   0.048994303   0.5365927   0.845756   
0.9938341   0.9498976   0.5473338   0.13303465   0.36039674   0.3822857   0.55366355   0.86319435   0.7922267   0.8110302   0.5972653   0.11555183   0.22136128   0.9491464   0.3124196   0.2050736   
0.6093765   0.9171506   0.2982291   0.45412832   0.080411315   0.7814548   0.8308664   0.9416942   0.18518037   0.6038614   0.37652463   0.6783167   0.5062888   0.21054947   0.89451706   0.06997329   
0.9782396   0.49023598   0.5134953   0.9762642   0.039467692   0.6662385   0.7800497   0.060870588   0.14937645   0.05537808   0.3541422   0.913476   0.584623   0.86807513   0.124171495   0.7964324   
0.52288514   0.54927945   0.17835492   0.056105137   0.6792268   0.5803169   0.6690446   0.72339   0.5832868   0.019256234   0.1912123   0.6113484   0.5812943   0.95452464   0.042384386   0.06684774   
0.87492955   0.47640872   0.39368582   0.22975391   0.13199824   0.36754638   0.5633497   0.24544913   0.13759273   9.625554E-4   0.9062134   0.92772394   0.5178171   0.5776714   0.3046031   0.20851064   
0.13332719   0.8910148   0.43499392   0.6832202   0.3820762   0.9680268   0.28642458   0.27596378   0.39808178   0.79612166   0.29448408   0.63365906   0.21718615   0.62382984   0.730523   0.20354873   
0.086238086   0.14532757   0.029463887   0.9622074   0.60658   0.99889785   0.7591951   0.61855304   0.6669942   0.0786522   0.21616894   0.49716848   0.6792935   0.9668555   0.7897409   0.67549175   
0.4786107   0.5217129   0.46437   0.7688737   0.090330124   0.123770356   0.1445514   0.76647556   0.049849927   0.0050767064   0.99091494   0.7694703   0.9463965   0.31148428   0.0740428   0.3876168   
0.6575116   0.3230976   0.39012825   0.94322544   0.3592906   0.46469957   0.47261953   0.810673   0.80478823   0.15141219   0.38759935   0.99844056   0.7281682   0.04991597   0.057105064   0.038229823   
0.17723244   0.29792702   0.43127054   0.9767973   0.42711073   0.5606055   0.6725885   0.63107824   0.16145074   0.34904778   0.9473707   0.6419339   0.30586183   0.7605488   0.6923923   0.38803923   
0.19620669   0.0910638   0.9686225   0.65627646   0.29929495   0.6260482   0.18687373   0.53134406   0.066438854   0.23601484   0.62828374   0.20362562   0.48512018   0.2277708   0.6500318   0.0047781467   
0.7477662   0.6620318   0.7059665   0.68472743   0.12953413   0.11426234   0.5933979   0.7271477   0.56237763   0.5900571   0.009810567   0.86403227   0.61696094   0.11171514   0.24344653   0.16023147   
0.21676934   0.8620133   0.88447046   0.37807244   0.67272854   0.8383589   0.91177124   0.34822935   0.7576163   0.75990564   0.5455077   0.8293667   0.9564701   0.64688444   0.3465274   0.6648239   
0.6041326   0.61100394   0.258164   0.7844848   0.9292339   0.15459931   0.5191516   0.864319   0.5935979   0.7611667   0.6021217   0.87088376   0.87873363   0.9985515   0.8521266   0.67492527   
0.41129524   0.36653376   0.19374359   0.82435143   0.12486184   0.9616491   0.85156596   0.095109224   0.86692774   0.85322624   0.27341372   0.77737314   0.7215396   0.15584159   0.47265297   0.7580294   
