32 
0.7022723   0.0047055483   0.64334464   0.5428959   0.8120151   0.3724054   0.7880123   0.9909331   0.14222276   0.7563873   0.7162381   0.3444215   0.6060049   0.8185958   0.051412404   0.0629614   0.97722596   0.035253465   0.5234159   0.7443869   0.00822705   0.47951925   0.8517533   0.7295057   0.18308038   0.3819645   0.2920615   0.18169272   0.08231473   0.5178691   0.2209807   0.7365681   
0.20170695   0.7152791   0.7759647   0.5764878   0.9054002   0.8313618   0.94532156   0.6090709   0.46029234   0.8296901   0.21042758   0.21790081   0.33046657   0.046172857   0.67059803   0.8469087   0.9716753   0.06051171   0.77859724   0.90843433   0.6989151   0.51304513   0.3314225   0.23985904   0.07545358   0.7089772   0.1001181   0.5369246   0.03792447   0.434272   0.55042106   0.965934   
0.30604976   0.33650875   0.06257075   0.99513906   0.78206027   0.78198737   0.16632944   0.52154243   0.70697826   0.8351721   0.78198195   0.62749285   0.46972847   0.98166966   0.71875197   0.94687325   0.6498177   0.2604313   0.60076153   0.2090342   0.18244594   0.4294936   0.5425667   0.25619674   0.36189735   0.77266836   0.809742   0.7837588   0.71853715   0.7881407   0.10640758   0.46032268   
0.91846585   0.6755369   0.215568   0.56347984   0.62274647   0.6629055   0.3673483   0.07724184   0.41311806   0.4620673   0.7655013   0.48689324   0.2293899   0.6984114   0.20785892   0.56701523   0.38451308   0.98354596   0.18877888   0.9691427   0.8190526   0.3559761   0.47130102   0.698268   0.34792525   0.34153938   0.016980946   0.8341012   0.83746976   0.6326435   0.7186718   0.45617926   
0.45692647   0.870038   0.4054374   0.4147529   0.88011485   0.7651261   0.59200525   0.7356532   0.9035074   0.62254435   0.8935192   0.3314697   0.8071474   0.52537674   0.58878005   0.7283915   0.65420187   0.10803372   0.6137341   0.5136443   0.92075926   0.05923736   0.12688357   0.60887873   0.5152873   0.6300645   0.4878649   0.61705244   0.6105888   0.34558737   0.011122525   0.8518313   
0.3218906   0.47491944   0.6329584   0.10748452   0.25275648   0.2606408   0.79996896   0.27244806   0.25383943   0.36750913   0.5407954   0.930597   0.43420678   0.92051935   0.11517495   0.6708415   0.89535254   0.06787038   0.59154016   0.8686015   0.7664263   0.44495374   0.6370832   0.7833166   0.67617506   0.71644557   0.11558986   0.39632177   0.6512381   0.53594244   0.38490844   0.095703244   
0.7585184   0.55292803   0.52721345   0.09231222   0.36625773   0.29742414   0.8939578   0.9577379   0.26717597   0.9313126   0.019390762   0.43514842   0.74872714   0.535496   0.070705056   0.3525297   0.9994405   0.13288945   0.93133265   0.120660186   0.5738268   0.3734373   0.8318277   0.62143224   0.3969586   0.33927375   0.17848289   0.87279606   0.44719803   0.39177293   0.114762485   0.42218655   
0.61341536   0.26916295   0.06937307   0.0889681   0.6612926   0.660841   0.48502922   0.20698434   0.9699496   0.40536547   0.42452276   0.5601436   0.0012954473   0.9718005   0.3595184   0.5471438   0.9544578   0.44274807   0.15964621   0.93661124   0.928754   0.29174662   0.81513405   0.7023767   0.191454   0.5730971   0.39874846   0.5722661   0.91967624   0.96957463   0.05862671   0.9351665   
0.48590827   0.48949486   0.74226266   0.87341887   0.988746   0.5014605   0.89614993   0.2045641   0.1274972   0.54065895   0.5312024   0.30255234   0.59243274   0.7283037   0.9600154   0.038749754   0.13095492   0.2947994   0.8203716   0.74310875   0.1711604   0.18220371   0.025319517   0.58199567   0.9837225   0.8828943   0.3019963   0.018308401   0.564329   0.92501783   0.48055905   0.039204895   
0.7738516   0.88289154   0.6057105   0.9751621   0.4118681   0.62927556   0.9040483   0.99999136   0.2791245   0.17919171   0.24165249   0.694255   0.44213146   0.84020036   0.7418958   0.4143026   0.7126126   0.18587118   0.9504942   0.066544175   0.23832792   0.32731682   0.283494   0.3128788   0.34040087   0.057454646   0.37754977   0.19032365   0.67431456   0.18509734   0.4869209   0.7183793   
0.11396605   0.027649403   0.7976766   0.7846782   0.71546036   0.8743296   0.7193469   0.5767959   0.7927022   0.8143031   0.08350724   0.09015876   0.691424   0.7093618   0.14648736   0.9538136   0.7713463   0.10795051   0.23161405   0.53307694   0.46506935   0.39111   0.33033395   0.18706685   0.97256297   0.5216649   0.53953636   0.76673126   0.1453771   0.061688304   0.5758461   0.1627782   
0.71670777   0.021531522   0.9611636   0.5710398   0.122092426   0.013748825   0.70497704   0.3940572   0.438793   0.77991265   0.2587927   0.4914704   0.23598278   0.62609494   0.23035526   0.118174076   0.48694056   0.59777504   0.31724638   0.02882117   0.84096074   0.3168586   0.35113698   0.20141357   0.007112503   0.5277016   0.38875878   0.6533201   0.36296225   0.30650824   0.79999137   0.2426529   
0.09566909   0.0958119   0.096907616   0.90967584   0.7153504   0.76518077   0.3328743   0.9005956   0.9843102   0.56866604   0.74368894   0.40412527   0.591751   0.48230755   0.57219297   0.13463461   0.011215746   0.040330052   0.83590436   0.52018857   0.22460568   0.5412312   0.9891583   0.74560493   0.5277072   0.72512984   0.77534777   0.29675573   0.671364   0.60748553   0.04256761   0.33022517   
0.6915102   0.7332256   0.34185213   0.020293117   0.07011652   0.34663945   0.87895536   0.5218188   0.30570722   0.7789868   0.93907326   0.73237246   0.5926053   0.17607993   0.5429945   0.17994171   0.4767254   0.7262522   0.5699624   0.034387946   0.014930248   0.024837673   0.347228   0.012833774   0.8852141   0.60990864   0.16219574   0.28324366   0.92490256   0.0265342   0.90665275   0.9691514   
0.8904225   0.7898258   0.1734013   0.51495385   0.5898798   0.10275662   0.35637593   0.6192254   0.5216987   0.19103473   0.37184435   0.20751625   0.4200492   0.20764238   0.43950766   0.66112936   0.6499849   0.1631394   0.31030107   0.30008066   0.7795094   0.59918344   0.47764987   0.6331315   0.27769595   0.3523022   0.28917176   0.722349   0.6211335   0.87873465   0.7177856   0.8916429   
0.937123   0.12074649   0.53945583   0.056308806   0.05107826   0.69743913   0.18707019   0.92256385   0.64551276   0.4715703   0.9470285   0.8518139   0.46493798   0.9667597   0.9809687   0.093967915   0.7292315   0.14076662   0.8867328   0.5481921   0.33992487   0.13003021   0.8603811   0.029355347   0.09992939   0.5036975   0.6381184   0.9159721   0.11608839   0.55292076   0.13984132   0.8832429   
0.2423796   0.20987183   0.41422957   0.42598772   0.8544719   0.37293267   0.11157143   0.9346487   0.25667417   0.0077255964   0.25066614   0.97752964   0.52123487   0.21152085   0.6691183   0.07906884   0.7867158   0.05020839   0.87420964   0.9728802   0.8141538   0.99716276   0.36949384   0.99583244   0.5624537   0.08232838   0.1986286   0.81248087   0.42154634   0.7736736   0.90418774   0.9952588   
0.58506846   0.30341142   0.27984715   0.5031451   0.48354763   0.7752919   0.83711356   0.808832   0.6923193   0.369681   0.4034803   0.2211445   0.81179833   0.23853624   0.51149833   0.8756455   0.35552394   0.9568674   0.47481132   0.35265923   0.11598909   0.39056194   0.22791725   0.99965954   0.08015126   0.5379054   0.034605205   0.7459989   0.084337175   0.8047208   0.1521231   0.60485166   
0.70876193   0.5473822   0.033723414   0.6531628   0.6699547   0.8462563   0.9240144   0.19913179   0.25804192   0.90224886   0.9653259   0.11272329   0.34620053   0.24453986   0.60803074   0.072930515   0.6609316   0.92740923   0.07551539   0.33168072   0.41149086   0.9229842   0.45046127   0.7046595   0.9303591   0.0951522   0.1516006   0.9608503   0.64767563   0.09374267   0.89059526   0.82278156   
0.8128477   0.628996   0.82172376   0.02650851   0.7659721   0.28153306   0.4103399   0.5830165   0.9582706   0.94536257   0.39042056   0.680437   0.110577464   0.37939864   0.10087669   0.85924923   0.9962889   0.11060327   0.9817479   0.8611698   0.032468796   0.058947027   0.27512187   0.21799392   0.6805118   0.9762485   0.16493809   0.42116016   0.19452673   0.85858405   0.06120169   0.7488091   
0.43817973   0.42195433   0.29710573   0.26775074   0.82400644   0.055485606   0.6748498   0.55684555   0.24617684   0.18347263   0.53335667   0.5902418   0.5895099   0.9905277   0.9875778   0.38874942   0.7434367   0.07207042   0.8267161   0.3010186   0.3469965   0.8601209   0.082666695   0.5594316   0.8853153   0.0021786094   0.26861477   0.405612   0.47300243   0.11487299   0.722471   0.074753225   
0.24726027   0.13564831   0.8052418   0.13473004   0.88312185   0.51222837   0.03822434   0.6039661   0.29311502   0.6238485   0.70589435   0.32071424   0.11993569   0.5587117   0.29747808   0.7457874   0.5376541   0.88293636   0.15652156   0.6815354   0.08695632   0.5471274   0.3045029   0.85327417   0.5534527   0.07298666   0.0049850345   0.38736075   0.103789926   0.6450455   0.84542584   0.53520554   
0.1989525   0.46826547   0.994124   0.52788615   0.9626007   0.52312857   0.6025722   0.8354667   0.2775933   0.7037868   0.78453606   0.87304276   0.57709354   0.82533294   0.13142723   0.006970048   0.07713717   0.46239126   0.69105506   0.62535006   0.632616   0.37774336   0.81882584   0.7429368   0.8838202   0.026938021   0.33522594   0.6991028   0.36961067   0.4087761   0.22242671   0.7059005   
0.61772525   0.2638029   0.35064858   0.42974198   0.2625354   0.21071297   0.8292201   0.2035861   0.19377571   0.026726127   0.8688824   0.5161753   0.8924977   0.6110051   0.064765394   0.9008535   0.07700896   0.67415625   0.76067287   0.42947572   0.75423604   0.34151167   0.33504862   0.5281859   0.7712955   0.37858695   0.5105832   0.48330128   0.08671069   0.8948152   0.98929745   0.64974195   
0.6574287   0.17298615   0.16268337   0.2545432   0.0714519   0.7389822   0.35478324   0.68777955   0.6795158   0.22726732   0.99076885   0.06712347   0.90394413   0.8256138   0.41358906   0.5652978   0.86786085   0.6768553   0.4186536   0.8075272   0.31070906   0.17075813   0.26651376   0.52503324   0.5820366   0.43575037   0.24439919   0.42756855   0.05838269   0.9142326   0.26073134   0.91048634   
0.65960103   0.81809497   0.40691513   0.10805446   0.88096434   0.67013043   0.54551685   0.95344025   0.36392105   0.46510094   0.37418425   0.20642239   0.037547827   0.16976273   0.864298   0.9024777   0.13882488   0.028294265   0.72943723   0.7920947   0.4052295   0.16801429   0.5914853   0.14828569   0.6983121   0.29538804   0.68492144   0.7852044   0.61051875   0.3350669   0.37897933   0.35408133   
0.90630674   0.96169466   0.06247914   0.45751202   0.20746052   0.38767165   0.2899496   0.98327774   0.23444903   0.04784006   0.7459699   0.32874757   0.3218115   0.027626932   0.96642387   0.03155029   0.32517785   0.043645084   0.7326443   0.29727495   0.49799538   0.34984708   0.2024225   0.21675152   0.3328629   0.21838903   0.68889296   0.1808905   0.70919466   0.25838155   0.27581865   0.3576616   
0.26750588   0.17927432   0.35036922   0.711732   0.6208193   0.08597201   0.5297978   0.1813522   0.52353466   0.6827603   0.19730073   0.4286872   0.23372537   0.051211357   0.98873955   0.3389783   0.14047581   0.90753734   0.5828774   0.8413574   0.97594076   0.4070943   0.24353504   0.98110306   0.112794936   0.8832641   0.8959234   0.7015415   0.1602853   0.13572705   0.44780314   0.8462002   
0.24295479   0.5357909   0.39862978   0.21137547   0.4801584   0.8261889   0.029160857   0.44976532   0.6147484   0.857445   0.09594685   0.5216715   0.87689835   0.9360166   0.63865036   0.62650955   0.75322086   0.040055513   0.36530334   0.92966753   0.67949986   0.9815065   0.9366188   0.37439555   0.9330032   0.018745005   0.10364169   0.77231175   0.3911115   0.32800925   0.044794858   0.6768166   
0.89863807   0.7661196   0.8333283   0.12936974   0.87661463   0.15861559   0.8819982   0.73800707   0.4684862   0.84933776   0.549317   0.10005754   0.99172014   0.88811004   0.14486581   0.85681343   0.108058274   0.2166422   0.0870164   0.59756625   0.8864019   0.75879496   0.39517373   0.98524195   0.57912713   0.91528904   0.44363004   0.3177591   0.31411803   0.6057641   0.57177687   0.8707405   
0.19773144   0.45941055   0.7953098   0.78148556   0.28315407   0.8114324   0.25788718   0.5649589   0.06719023   0.86420023   0.91828305   0.12437105   0.2975552   0.28260386   0.20335323   0.9967728   0.8915054   0.9419084   0.34418362   0.613605   0.2524979   0.8780861   0.92680204   0.25364447   0.6200373   0.3154909   0.85813874   0.70816404   0.77258265   0.09083849   0.70394695   0.19293249   
0.22609639   0.747352   0.88273203   0.8470707   0.41141433   0.9458646   0.8860626   0.013553083   0.38010126   0.803477   0.88178533   0.049703896   0.66696733   0.013538957   0.2865724   0.45843267   0.64221174   0.5773493   0.16497028   0.842838   0.20961803   0.1577822   0.32388866   0.38948208   0.06985307   0.18340021   0.37758267   0.9910057   0.06835681   0.13947743   0.7150931   0.5793606   

0.81230575   0.99633914   0.51938236   0.9999401   0.77557796   0.47774565   0.7777372   0.6980886   0.34754205   0.16056603   0.5522202   0.38726807   0.631976   0.035175323   0.8159911   0.6376047   0.5057501   0.72296655   0.52824754   0.27028984   0.32046074   0.63782805   0.64256203   0.5136542   0.31949168   0.8527452   0.69881904   0.9075941   0.071637094   0.66681755   0.019249916   0.91193306   
0.042200387   0.0035498142   0.2487753   0.4494217   0.46327686   0.96548736   0.6867032   0.20420295   0.38473195   0.5459959   0.14160782   0.30110592   0.7223433   0.59468853   0.69788265   0.05012846   0.13393909   0.35279697   0.058080852   0.18458003   0.09051275   0.9383842   0.9699366   0.52188075   0.8377487   0.054062903   0.56420577   0.19485813   0.41276854   0.41278654   0.3256364   0.6410875   
0.16797763   0.19692606   0.45403218   0.8915592   0.613528   0.56445634   0.8082158   0.50150025   0.9051329   0.34150892   0.67854166   0.73995674   0.13589323   0.6562725   0.722404   0.5657885   0.22869706   0.20434731   0.39399976   0.021703362   0.7370007   0.9349061   0.6796367   0.17115879   0.1419093   0.3207358   0.44144207   0.67229044   0.25607866   0.6494093   0.9068749   0.75603616   
0.41181052   0.3390621   0.0035409331   0.37047023   0.10170072   0.547756   0.21615708   0.82883567   0.36332685   0.9830507   0.27591926   0.6042792   0.24086064   0.016648531   0.32595545   0.23988777   0.23042685   0.92193544   0.7370488   0.36896682   0.4148736   0.24962997   0.6756013   0.8888744   0.53789157   0.27393413   0.004189551   0.61404806   0.15574294   0.8295199   0.48049134   0.60266787   
0.1639983   0.23499852   0.32239836   0.5498618   0.93151474   0.8934157   0.53848195   0.55225635   0.31742382   0.37266582   0.44945443   0.44843054   0.41027325   0.6119807   0.21682155   0.24247766   0.6509322   0.4539373   0.07161999   0.6290825   0.3998167   0.059464574   0.124170184   0.8045722   0.12992007   0.2864648   0.91347474   0.90620965   0.4936816   0.6768802   0.2036969   0.049105406   
0.075648665   0.9439229   0.38963252   0.89470094   0.8340697   0.43798548   0.37094456   0.49559796   0.011001825   0.9192999   0.98697   0.2180016   0.6883634   0.5161971   0.36409312   0.3852436   0.55086535   0.20394093   0.5630662   0.8444168   0.728297   0.720289   0.17445147   0.50438   0.5997315   0.025526762   0.39987308   0.48918873   0.9994875   0.21770424   0.28145045   0.49891996   
0.5458905   0.99477595   0.16120726   0.2630424   0.5739064   0.09653729   0.9291066   0.24373811   0.97457784   0.7085079   0.8684727   0.5223084   0.7890118   0.13071811   0.8498706   0.74604756   0.66170555   0.43580598   0.6310959   0.18139625   0.7946393   0.70765746   0.16697025   0.008090019   0.25531113   0.37437207   0.14647388   0.5853033   0.8523856   0.2535894   0.68780273   0.2520014   
0.1036185   0.10576522   0.9188073   0.40801215   0.46209824   0.64907265   0.4386266   0.9185057   0.14660996   0.30106854   0.73700863   0.9420399   0.9262225   0.065589905   0.084748924   0.8911265   0.6522693   0.43262982   0.19894928   0.57506883   0.40513408   0.3739096   0.83059865   0.4688967   0.8491607   0.23287368   0.97262686   0.21150154   0.865223   0.77585334   0.50052166   0.7130849   
0.18376869   0.9077836   0.044405162   0.88994735   0.57637477   0.59333616   0.76383036   0.9272467   0.014030695   0.66050494   0.4203003   0.8720616   0.9766289   0.21202505   0.8865831   0.194947   0.03975147   0.9096199   0.61835563   0.033822298   0.7891762   0.021687508   0.96776664   0.095790386   0.6660972   0.6969993   0.8184694   0.47724408   0.25049114   0.8212777   0.3489986   0.94793373   
0.79812545   0.17173529   0.7206089   0.89869255   0.18827647   0.5640355   0.77456284   0.18404579   0.272312   0.70951194   0.003164947   0.39937633   0.4740312   0.50634897   0.9225353   0.7577163   0.24529785   0.18087238   0.7702716   0.10425848   0.06743544   0.7938586   0.1279549   0.79860735   0.38058388   0.11719161   0.53023577   0.16754228   0.4683786   0.26925743   0.4754364   0.08717847   
0.60065955   0.039767027   0.056791246   0.48605174   0.8973401   0.8184678   0.95132124   0.30360496   0.5050608   0.015289068   0.9507137   0.7162401   0.93596476   0.88535273   0.014403641   0.42054957   0.29410905   0.5800568   0.84140116   0.9962235   0.6770575   0.87984526   0.76946825   0.055736184   0.18359101   0.5356544   0.9463469   0.11115271   0.65685517   0.080356896   0.90931815   0.077812314   
0.84739745   0.76040643   0.14100009   0.70839757   0.972316   0.288552   0.72866935   0.2677775   0.38314658   0.10378015   0.78233266   0.5684353   0.022300243   0.93305206   0.80723137   0.37829345   0.6600752   0.63500726   0.2764966   0.86799496   0.2538969   0.5383601   0.40949064   0.5044803   0.6789892   0.0025455356   0.7842818   0.8339281   0.14378744   0.476272   0.2551574   0.2823426   
0.7508222   0.42760593   0.5176502   0.17943573   0.39941645   0.69926745   0.07693279   0.06475896   0.8833597   0.9028191   0.79644454   0.2386992   0.025874496   0.7188526   0.30119783   0.8900056   0.75494254   0.49621958   0.40644062   0.77162457   0.4717809   0.43654817   0.26242137   0.7540765   0.049473286   0.27107537   0.8282304   0.99732435   0.5410858   0.5611985   0.59352994   0.42559886   
0.72880495   0.22369319   0.59099585   0.5331263   0.13759488   0.25349915   0.82217634   0.800934   0.026600778   0.81418175   0.34605223   0.56530964   0.19515312   0.32712144   0.74679077   0.58709085   0.5620106   0.119255185   0.2521103   0.7584376   0.3388046   0.80553466   0.8664925   0.9213705   0.99201775   0.37151235   0.91752696   0.122063875   0.92088187   0.88460684   0.99538636   0.3891968   
0.048068523   0.6662281   0.45438522   0.2967611   0.0808571   0.3832888   0.20446157   0.7853795   0.6356023   0.9145444   0.16506284   0.49582613   0.38892382   0.57816505   0.40325952   0.8790934   0.9143613   0.70105046   0.0040213466   0.64468837   0.4506573   0.91237956   0.19866753   0.38914788   0.9228633   0.5640941   0.23586553   0.09695524   0.57373816   0.445423   0.1496458   0.35365874   
0.3621813   0.35876542   0.64529574   0.67419744   0.22760302   0.067492366   0.17438632   0.08702409   0.6121801   0.78534794   0.24539375   0.6759876   0.5630215   0.44061315   0.66034967   0.95714515   0.91761875   0.8701333   0.6777544   0.9373721   0.7009803   0.34843814   0.77782124   0.2871216   0.9520346   0.17084527   0.40129602   0.97286886   0.84888846   0.63761544   0.60407174   0.78819   
0.64408344   0.7455239   0.32615077   0.7392479   0.5569999   0.21584356   0.92790514   0.064463735   0.23401737   0.47156906   0.76485944   0.57376647   0.58908415   0.63520896   0.023319006   0.89507085   0.017240584   0.13074493   0.44516248   0.42019278   0.9487558   0.6341278   0.25620097   0.19557613   0.12738931   0.786301   0.85700196   0.54186916   0.5765094   0.6371889   0.1194281   0.7881121   
0.013143122   0.36996216   0.3909173   0.5392266   0.11238736   0.6194241   0.17943138   0.36843365   0.97097903   0.069396734   0.56583965   0.6385789   0.90534043   0.93000597   0.46123445   0.34814852   0.21034038   0.06086898   0.14135903   0.8996876   0.14272684   0.640101   0.9991692   0.5716671   0.44819862   0.3671376   0.0628593   0.20150298   0.57202375   0.73058367   0.63691694   0.25995177   
0.95674527   0.1372599   0.99748534   0.6086512   0.79171246   0.9675399   0.6732198   0.91693664   0.32095778   0.4428159   0.684729   0.995651   0.4994281   0.62697035   0.6185506   0.34952712   0.90204144   0.7641659   0.44748813   0.61150724   0.40284914   0.3248251   0.1532268   0.3983779   0.1482585   0.7007085   0.9877764   0.60424405   0.7224343   0.084481776   0.3588978   0.45418596   
0.4464106   0.08070612   0.025828242   0.39310223   0.34499747   0.43100333   0.43303138   0.34302723   0.1652512   0.56909674   0.43216753   0.17554176   0.7232439   0.7399905   0.3899694   0.7043   0.90636206   0.07581413   0.24927533   0.7868529   0.5587733   0.28856736   0.70231843   0.556132   0.748533   0.7524871   0.40281558   0.59209377   0.15468937   0.4570189   0.4428876   0.34564412   
0.44844615   0.13199317   0.96194434   0.08323723   0.07883757   0.31182206   0.2500785   0.4152527   0.14347053   0.013190627   0.5240528   0.37882185   0.4398247   0.36429167   0.3585807   0.48123425   0.09163135   0.022257626   0.67135996   0.87906903   0.6453591   0.64378715   0.0124185085   0.4170621   0.3793277   0.39241558   0.47509533   0.91633856   0.98608   0.3504032   0.8088423   0.36156535   
0.32912767   0.3954172   0.7075798   0.35896248   0.7679307   0.2592942   0.9092518   0.9307496   0.54797983   0.031031728   0.763333   0.77590907   0.0022598505   0.73725814   0.5972848   0.102157176   0.17043704   0.03485912   0.28740853   0.95039296   0.8552204   0.70193386   0.3643986   0.16193467   0.87199557   1.5991926E-4   0.16247475   0.24246275   0.15666729   0.1049394   0.5597197   0.95731306   
0.6544121   0.42598516   0.81573284   0.5437602   0.2736383   0.5525091   0.65362847   0.58099735   0.23786747   0.8017457   0.7725816   0.3420595   0.5646346   0.49066067   0.33349532   0.5289984   0.13410419   0.41746008   0.006009817   0.71886015   0.4483016   0.97665143   0.97517616   0.3197316   0.120173275   0.44927144   0.9090179   0.9402186   0.8437421   0.4344601   0.5153232   0.53974503   
0.8841826   0.0114271045   0.6519391   0.6691719   0.3695774   0.9492554   0.38726133   0.29022735   0.072447956   0.28876406   0.27735263   0.7275154   0.22500551   0.5942905   0.97712445   0.04848796   0.8317052   0.56784683   0.13235056   0.7653659   0.11848569   0.003388822   0.007144451   0.029887795   0.21054906   0.9702544   0.14124084   0.15885198   0.9583152   0.9031629   0.3594274   0.23824006   
0.4610235   0.95811605   0.9813384   0.94943887   0.2742437   0.6013341   0.11624932   0.5264887   0.36429548   0.22984475   0.44031823   0.662809   0.5004057   0.4909997   0.011848092   0.15451169   0.19360095   0.45312268   0.105672956   0.40088362   0.31723237   0.47541696   0.065883756   0.5271847   0.8231618   0.39253986   0.06513864   0.68748415   0.22363925   0.8438536   0.90018415   0.023381054   
0.79352796   0.38089287   0.48152232   0.16629767   0.39066643   0.53627914   0.12808967   0.08537036   0.8518087   0.7559993   0.7461864   0.39922303   0.63388294   0.92314786   0.2496537   0.02812171   0.59951353   0.8389867   0.41251308   0.69383895   0.034249127   0.19625151   0.68615377   0.34930068   0.4012314   0.26536572   0.26399463   0.10065055   0.3357618   0.217596   0.94381076   0.6732937   
0.6341354   0.9967985   0.68116385   0.4639331   0.7530937   0.20548314   0.40931052   0.846379   0.69130665   0.13932616   0.9374007   0.68440676   0.23356801   0.95045465   0.948668   0.11520386   0.89112973   0.77291846   0.17572069   0.15764028   0.53519183   0.3484828   0.30616736   0.7670169   0.5905202   0.35756308   0.5969703   0.6889952   0.70610905   0.914768   0.2815585   0.08764231   
0.35150135   0.9227114   0.8244273   0.054086387   0.68071026   0.59873015   0.8013856   0.0019735098   0.96865577   0.16974998   0.5006209   0.773149   0.7437743   0.65925884   0.29426718   0.3018011   0.5292363   0.821269   0.91926014   0.59836555   0.5563981   0.5790109   0.2301454   0.93708014   0.4482261   0.03624922   0.89847666   0.6751214   0.28610212   0.99752325   0.28996348   0.4492811   
0.59739774   0.476892   0.16116029   0.33132035   0.13838482   0.4251343   0.3949294   0.259256   0.23042864   0.66066754   0.20398492   0.9733069   0.24812931   0.063183844   0.7434672   0.18709344   0.3953861   0.5602582   0.008792937   0.62260526   0.4566506   0.40068763   0.07915294   0.27772188   0.92140615   0.024425924   0.9783268   0.21459901   0.973803   0.38366008   0.6443774   0.7335622   
0.8681452   0.4844331   0.16286641   0.8984405   0.30445045   0.8604848   0.6621745   0.51431817   0.5345935   0.58349967   0.18515193   0.22689128   0.104736805   0.695209   0.7325965   0.9540336   0.7380956   0.82087857   0.26804096   0.30546165   0.82597286   0.4103648   0.23021674   0.5668326   0.09493244   0.037485123   0.42266977   0.68212765   0.102592945   0.47189587   0.645781   0.06529963   
0.46057582   0.58661664   0.16445959   0.002072215   0.84551495   0.36099702   0.82772905   0.49924493   0.5207352   0.33114958   0.09012723   0.22630805   0.91337043   0.39114755   0.24824893   0.3376397   0.76357365   0.18770456   0.27093142   0.5187044   0.05145496   0.8233484   0.7437238   0.26279384   0.70897824   0.7986199   0.6957058   0.74285626   0.51188177   0.20854807   0.66087735   0.42338985   
0.32252765   0.05417639   0.93179935   0.8783949   0.39830297   0.043470144   0.9776165   0.90177363   0.9998074   0.6103672   0.7628674   0.5657557   0.31469858   0.7645303   0.7615184   0.19094312   0.37098145   0.2516091   0.80952287   0.41908222   0.3401119   0.8242591   0.27910167   0.5479653   0.44603598   0.9331423   0.042182207   0.70885915   0.69984794   0.09562129   0.17546785   0.19308835   
